Date,Total Transaction,com
1,212,212
2,734,946
3,211,1157
4,374,1531
5,779,2310
6,859,3169
7,290,3459
8,412,3871
9,372,4243
10,154,4397
11,795,5192
12,401,5593
13,156,5749
14,415,6164
15,68,6232
16,563,6795
17,304,7099
18,858,7957
19,783,8740
20,130,8870
21,,
22,,
23,,
24,,
25,,
26,,
27,,
28,,
29,,
30,,
